Kd=346;
Ki=76;
Kp=1000;
m=1000;
b=50;
u=500;
